   0.00000000      0.999999940       1.00000000       1.00000000    
   19.5312500      0.999809206      0.999809325      0.999809325    
   39.0625000      0.999237835      0.999237895      0.999237895    
   58.5937500      0.998287261      0.998287380      0.998287737    
   78.1250000      0.996960878      0.996960819      0.996962130    
   97.6562500      0.995262444      0.995262504      0.995265484    
   117.187500      0.993197322      0.993197441      0.993203402    
   136.718750      0.990771711      0.990771770      0.990783036    
   156.250000      0.987993062      0.987993121      0.988011956    
   175.781250      0.984869421      0.984869480      0.984899521    
   195.312500      0.981410086      0.981410027      0.981455386    
   214.843750      0.977624834      0.977624893      0.977690518    
   234.375000      0.973524451      0.973524451      0.973616302    
   253.906250      0.969120204      0.969120145      0.969245076    
   273.437500      0.964423954      0.964423954      0.964589655    
   292.968750      0.959448278      0.959448278      0.959663451    
   312.500000      0.954205751      0.954205751      0.954479992    
   332.031250      0.948709548      0.948709607      0.949053407    
   351.562500      0.942973137      0.942973256      0.943397880    
   371.093750      0.937009990      0.937010050      0.937527716    
   390.625000      0.930833638      0.930833578      0.931457341    
   410.156250      0.924457729      0.924457610      0.925201118    
   429.687500      0.917895734      0.917895734      0.918773293    
   449.218750      0.911161363      0.911161244      0.912188053    
   468.750000      0.904267609      0.904267550      0.905458927    
   488.281250      0.897227705      0.897227585      0.898599684    
   507.812500      0.890054345      0.890054345      0.891623497    
   527.343750      0.882760108      0.882759988      0.884543240    
   546.875000      0.875357032      0.875356972      0.877371192    
   566.406250      0.867857039      0.867856920      0.870119393    
   585.937500      0.860271275      0.860271156      0.862799346    
   605.468750      0.852610886      0.852610767      0.855422199    
   625.000000      0.844886243      0.844886124      0.847998321    
   644.531250      0.837107539      0.837107420      0.840537846    
   664.062500      0.829284191      0.829284072      0.833050191    
   683.593750      0.821425438      0.821425319      0.825544536    
   703.125000      0.813540041      0.813539863      0.818029225    
   722.656250      0.805635989      0.805635870      0.810512245    
   742.187500      0.797721267      0.797721148      0.803001165    
   761.718750      0.789803088      0.789802969      0.795503020    
   781.250000      0.781888306      0.781888127      0.788024426    
   800.781250      0.773983359      0.773983121      0.780571222    
   820.312500      0.766094208      0.766093969      0.773149312    
   839.843750      0.758226514      0.758226216      0.765763819    
   859.375000      0.750385404      0.750385165      0.758419514    
   878.906250      0.742575765      0.742575467      0.751120806    
   898.437500      0.734802008      0.734801769      0.743871808    
   917.968750      0.727068245      0.727068007      0.736676157    
   937.500000      0.719378233      0.719377995      0.729537189    
   957.031250      0.711735547      0.711735189      0.722457945    
   976.562500      0.704143107      0.704142869      0.715441108    
   996.093750      0.696603954      0.696603596      0.708489239    
   1015.62500      0.689120531      0.689120293      0.701604247    
   1035.15625      0.681695282      0.681694925      0.694788218    
   1054.68750      0.674330175      0.674329817      0.688042760    
   1074.21875      0.667027116      0.667026818      0.681369364    
   1093.75000      0.659787774      0.659787416      0.674769223    
   1113.28125      0.652613461      0.652613103      0.668243289    
   1132.81250      0.645505548      0.645505130      0.661792636    
   1152.34375      0.638464928      0.638464630      0.655417740    
   1171.87500      0.631492674      0.631492317      0.649119258    
   1191.40625      0.624589503      0.624589145      0.642897606    
   1210.93750      0.617755890      0.617755473      0.636752903    
   1230.46875      0.610992432      0.610991955      0.630685389    
   1250.00000      0.604299247      0.604298890      0.624695063    
   1269.53125      0.597676873      0.597676456      0.618781805    
   1289.06250      0.591125250      0.591124833      0.612945557    
   1308.59375      0.584644377      0.584644020      0.607185960    
   1328.12500      0.578234196      0.578233898      0.601502717    
   1347.65625      0.571894646      0.571894288      0.595895350    
   1367.18750      0.565625489      0.565625072      0.590363443    
   1386.71875      0.559426308      0.559426010      0.584906459    
   1406.25000      0.553296924      0.553296506      0.579523802    
   1425.78125      0.547236741      0.547236264      0.574214816    
   1445.31250      0.541245341      0.541244924      0.568978786    
   1464.84375      0.535322249      0.535321832      0.563815117    
   1484.37500      0.529466867      0.529466450      0.558722913    
   1503.90625      0.523678660      0.523678124      0.553701520    
   1523.43750      0.517956853      0.517956376      0.548750103    
   1542.96875      0.512300909      0.512300491      0.543867767    
   1562.50000      0.506710112      0.506709695      0.539053679    
   1582.03125      0.501183748      0.501183271      0.534307063    
   1601.56250      0.495721042      0.495720625      0.529626966    
   1621.09375      0.490321279      0.490320832      0.525012493    
   1640.62500      0.484983683      0.484983265      0.520462811    
   1660.15625      0.479707509      0.479707092      0.515977025    
   1679.68750      0.474491954      0.474491477      0.511554122    
   1699.21875      0.469336122      0.469335616      0.507193267    
   1718.75000      0.464239240      0.464238822      0.502893567    
   1738.28125      0.459200561      0.459200114      0.498654127    
   1757.81250      0.454219282      0.454218745      0.494473934    
   1777.34375      0.449294418      0.449293941      0.490352184    
   1796.87500      0.444425315      0.444424868      0.486287951    
   1816.40625      0.439611077      0.439610630      0.482280314    
   1835.93750      0.434850991      0.434850454      0.478328407    
   1855.46875      0.430144042      0.430143565      0.474431306    
   1875.00000      0.425489545      0.425489008      0.470588237    
   1894.53125      0.420886666      0.420886189      0.466798246    
   1914.06250      0.416334599      0.416334093      0.463060468    
   1933.59375      0.411832541      0.411832064      0.459374070    
   1953.12500      0.407379717      0.407379180      0.455738306    
   1972.65625      0.402975291      0.402974814      0.452152163    
   1992.18750      0.398618579      0.398618042      0.448614955    
   2011.71875      0.394308716      0.394308150      0.445125878    
   2031.25000      0.390044898      0.390044332      0.441684037    
   2050.78125      0.385826498      0.385825932      0.438288689    
   2070.31250      0.381652683      0.381652117      0.434939116    
   2089.84375      0.377522737      0.377522171      0.431634486    
   2109.37500      0.373435885      0.373435318      0.428374022    
   2128.90625      0.369391501      0.369390905      0.425157100    
   2148.43750      0.365388751      0.365388215      0.421982855    
   2167.96875      0.361427009      0.361426502      0.418850660    
   2187.50000      0.357505649      0.357505083      0.415759742    
   2207.03125      0.353623837      0.353623331      0.412709475    
   2226.56250      0.349781066      0.349780470      0.409699142    
   2246.09375      0.345976532      0.345975906      0.406728029    
   2265.62500      0.342209637      0.342209011      0.403795511    
   2285.15625      0.338479668      0.338479102      0.400900990    
   2304.68750      0.334786147      0.334785521      0.398043752    
   2324.21875      0.331128269      0.331127703      0.395223171    
   2343.75000      0.327505559      0.327504992      0.392438710    
   2363.28125      0.323917359      0.323916763      0.389689624    
   2382.81250      0.320363045      0.320362419      0.386975467    
   2402.34375      0.316842139      0.316841513      0.384295613    
   2421.87500      0.313353866      0.313353300      0.381649405    
   2441.40625      0.309897870      0.309897244      0.379036367    
   2460.93750      0.306473464      0.306472868      0.376455933    
   2480.46875      0.303080171      0.303079545      0.373907536    
   2500.00000      0.299717426      0.299716800      0.371390671    
   2519.53125      0.296384662      0.296384037      0.368904799    
   2539.06250      0.293081373      0.293080777      0.366449416    
   2558.59375      0.289807081      0.289806485      0.364024013    
   2578.12500      0.286561251      0.286560655      0.361628085    
   2597.65625      0.283343434      0.283342838      0.359261185    
   2617.18750      0.280153096      0.280152470      0.356922805    
   2636.71875      0.276989758      0.276989132      0.354612499    
   2656.25000      0.273852974      0.273852378      0.352329761    
   2675.78125      0.270742238      0.270741642      0.350074202    
   2695.31250      0.267657250      0.267656505      0.347845346    
   2714.84375      0.264597237      0.264596581      0.345642775    
   2734.37500      0.261562049      0.261561394      0.343466073    
   2753.90625      0.258551210      0.258550525      0.341314822    
   2773.43750      0.255564183      0.255563587      0.339188576    
   2792.96875      0.252600610      0.252600014      0.337087005    
   2812.50000      0.249660149      0.249659523      0.335009664    
   2832.03125      0.246742278      0.246741652      0.332956195    
   2851.56250      0.243846685      0.243846059      0.330926180    
   2871.09375      0.240972996      0.240972325      0.328919262    
   2890.62500      0.238120750      0.238120064      0.326935112    
   2910.15625      0.235289603      0.235288948      0.324973315    
   2929.68750      0.232479230      0.232478514      0.323033601    
   2949.21875      0.229689151      0.229688451      0.321115553    
   2968.75000      0.226919129      0.226918384      0.319218874    
   2988.28125      0.224168673      0.224167958      0.317343205    
   3007.81250      0.221437559      0.221436843      0.315488249    
   3027.34375      0.218725443      0.218724832      0.313653648    
   3046.87500      0.216031954      0.216031283      0.311839163    
   3066.40625      0.213356763      0.213356078      0.310044408    
   3085.93750      0.210699633      0.210698873      0.308269113    
   3105.46875      0.208060086      0.208059281      0.306512982    
   3125.00000      0.205437824      0.205437094      0.304775715    
   3144.53125      0.202832699      0.202831894      0.303057075    
   3164.06250      0.200244248      0.200243503      0.301356703    
   3183.59375      0.197672203      0.197671473      0.299674392    
   3203.12500      0.195116311      0.195115611      0.298009843    
   3222.65625      0.192576304      0.192575589      0.296362817    
   3242.18750      0.190051809      0.190051109      0.294732988    
   3261.71875      0.187542707      0.187541932      0.293120205    
   3281.25000      0.185048550      0.185047746      0.291524112    
   3300.78125      0.182569146      0.182568386      0.289944530    
   3320.31250      0.180104241      0.180103421      0.288381189    
   3339.84375      0.177653477      0.177652657      0.286833882    
   3359.37500      0.175216675      0.175215855      0.285302341    
   3378.90625      0.172793552      0.172792733      0.283786356    
   3398.43750      0.170383900      0.170383051      0.282285720    
   3417.96875      0.167987421      0.167986572      0.280800194    
   3437.50000      0.165603861      0.165603057      0.279329538    
   3457.03125      0.163233027      0.163232222      0.277873576    
   3476.56250      0.160874695      0.160873860      0.276432097    
   3496.09375      0.158528611      0.158527732      0.275004864    
   3515.62500      0.156194493      0.156193599      0.273591727    
   3535.15625      0.153872177      0.153871253      0.272192448    
   3554.68750      0.151561439      0.151560470      0.270806849    
   3574.21875      0.149261937      0.149261072      0.269434750    
   3593.75000      0.146973610      0.146972701      0.268075913    
   3613.28125      0.144696191      0.144695252      0.266730219    
   3632.81250      0.142429456      0.142428517      0.265397429    
   3652.34375      0.140173197      0.140172258      0.264077395    
   3671.87500      0.137927234      0.137926251      0.262769997    
   3691.40625      0.135691285      0.135690317      0.261474937    
   3710.93750      0.133465335      0.133464321      0.260192156    
   3730.46875      0.131248951      0.131247953      0.258921444    
   3750.00000      0.129042029      0.129041061      0.257662654    
   3769.53125      0.126844436      0.126843438      0.256415606    
   3789.06250      0.124655955      0.124654919      0.255180150    
   3808.59375      0.122476295      0.122475304      0.253956139    
   3828.12500      0.120305397      0.120304413      0.252743393    
   3847.65625      0.118143067      0.118142098      0.251541823    
   3867.18750      0.115989074      0.115988106      0.250351220    
   3886.71875      0.113843270      0.113842286      0.249171451    
   3906.25000      0.111705527      0.111704469      0.248002410    
   3925.78125      0.109575488      0.109574474      0.246843934    
   3945.31250      0.107453227      0.107452117      0.245695859    
   3964.84375      0.105338380      0.105337255      0.244558096    
   3984.37500      0.103230774      0.103229746      0.243430495    
   4003.90625      0.101130404      0.101129338      0.242312893    
   4023.43750       9.90369469E-02   9.90359113E-02  0.241205215    
   4042.96875       9.69503671E-02   9.69493017E-02  0.240107313    
   4062.50000       9.48703960E-02   9.48693305E-02  0.239019051    
   4082.03125       9.27969143E-02   9.27958563E-02  0.237940297    
   4101.56250       9.07298252E-02   9.07287225E-02  0.236870959    
   4121.09375       8.86688605E-02   8.86678025E-02  0.235810935    
   4140.62500       8.66138935E-02   8.66128653E-02  0.234760061    
   4160.15625       8.45648572E-02   8.45637843E-02  0.233718231    
   4179.68750       8.25215131E-02   8.25204402E-02  0.232685357    
   4199.21875       8.04836899E-02   8.04826319E-02  0.231661305    
   4218.75000       7.84513056E-02   7.84502476E-02  0.230645970    
   4238.28125       7.64241815E-02   7.64231756E-02  0.229639277    
   4257.81250       7.44021982E-02   7.44011626E-02  0.228641048    
   4277.34375       7.23851547E-02   7.23841339E-02  0.227651268    
   4296.87500       7.03729168E-02   7.03719184E-02  0.226669788    
   4316.40625       6.83653951E-02   6.83643967E-02  0.225696474    
   4335.93750       6.63624555E-02   6.63614050E-02  0.224731266    
   4355.46875       6.43638447E-02   6.43628091E-02  0.223774076    
   4375.00000       6.23695068E-02   6.23685196E-02  0.222824812    
   4394.53125       6.03792556E-02   6.03783056E-02  0.221883327    
   4414.06250       5.83930723E-02   5.83920740E-02  0.220949575    
   4433.59375       5.64106181E-02   5.64096756E-02  0.220023453    
   4453.12500       5.44319004E-02   5.44309840E-02  0.219104856    
   4472.65625       5.24568148E-02   5.24558611E-02  0.218193710    
   4492.18750       5.04850894E-02   5.04841693E-02  0.217289925    
   4511.71875       4.85167168E-02   4.85158302E-02  0.216393426    
   4531.25000       4.65514734E-02   4.65506092E-02  0.215504095    
   4550.78125       4.45892811E-02   4.45884317E-02  0.214621887    
   4570.31250       4.26299833E-02   4.26291525E-02  0.213746682    
   4589.84375       4.06734757E-02   4.06726375E-02  0.212878421    
   4609.37500       3.87195908E-02   3.87187786E-02  0.212017030    
   4628.90625       3.67682241E-02   3.67674232E-02  0.211162403    
   4648.43750       3.48192081E-02   3.48184928E-02  0.210314497    
   4667.96875       3.28724682E-02   3.28717791E-02  0.209473222    
   4687.50000       3.09278648E-02   3.09271831E-02  0.208638474    
   4707.03125       2.89852377E-02   2.89845914E-02  0.207810208    
   4726.56250       2.70444918E-02   2.70438734E-02  0.206988350    
   4746.09375       2.51055062E-02   2.51048934E-02  0.206172839    
   4765.62500       2.31681038E-02   2.31675375E-02  0.205363572    
   4785.15625       2.12322064E-02   2.12317090E-02  0.204560503    
   4804.68750       1.92976743E-02   1.92972105E-02  0.203763530    
   4824.21875       1.73643809E-02   1.73639525E-02  0.202972636    
   4843.75000       1.54322181E-02   1.54318074E-02  0.202187732    
   4863.28125       1.35010350E-02   1.35006588E-02  0.201408729    
   4882.81250       1.15707051E-02   1.15703782E-02  0.200635582    
   4902.34375       9.64113977E-03   9.64083802E-03  0.199868232    
   4921.87500       7.71218585E-03   7.71195581E-03  0.199106604    
   4941.40625       5.78371854E-03   5.78353088E-03  0.198350638    
   4960.93750       3.85562913E-03   3.85547662E-03  0.197600290    
   4980.46875       1.92778429E-03   1.92766951E-03  0.196855485    
   5000.00000       0.00000000       1.37323388E-08  0.196116135    
